10,278
10,88
10,102
10,196
10,122
10,180
10,238
11,6
11,20
11,5
11,11
11,7
11,26
11,25
11,28
9,7
9,6
9,1
9,4
9,2
9,3
8,14
8,8
8,12
8,18
8,2
8,3
531,3
531,1
464,6
464,5
464,4
464,3
464,2
464,1
464,0
461,5
461,4
461,3
461,2
461,1
461,0
451,4
451,3
451,2
451,1
451,0
448,6
448,5
448,4
448,3
448,2
448,1
448,0
446,5
446,4
446,3
446,2
446,1
446,0
444,3
444,2
444,1
444,0
442,4
442,3
442,2
442,1
442,0
440,4
440,3
440,2
440,1
440,0
438,4
438,3
438,2
438,1
438,0
436,4
436,3
436,2
436,1
436,0
434,4
434,3
434,2
434,1
434,0
432,5
432,4
432,3
432,2
432,1
432,0
428,3
428,2
428,1
428,0
426,5
426,4
426,3
426,2
426,1
426,0
425,5
425,4
425,3
425,2
425,1
425,0
424,5
424,4
424,3
424,2
424,1
424,0
402,6
402,5
402,4
402,3
402,2
402,1
25,6
25,5
25,4
25,3
25,1
24,3
24,1
20,3
20,2
20,1
19,3
19,2
19,1
18,3
18,1
14,18
14,15
14,9
14,3
14,1
13,3
13,1
12,3
12,2
12,1
11,29
11,27
